hey -z 60s -c 10 http://quicksort-single.knative-serverless.10.104.20.119.nip.io?x=653,359,825,100,934,189,127,573,332,998,402,525,881,61,73,5,826,123,986,911,160,806,800,818,902,888,147,482,321,312,273,721,81,283,154,761,381,872,970,279,131,857,699,570,895,459,179,650,790,26,222,667,276,690,603,993,246,468,867,188,256,23,622,731,692,435,14,922,439,777,648,634,220,540,69,834,972,6,453,419,445,980,742,568,564,227,585,51,27,642,997,758,833,821,34,601,814,307,465,928,886,314,281,397,96,448,121,600,854,518,823,751,780,19,191,396,31,538,286,193,208,574,242,587,855,977,784,342,455,388,868,586,675,798,684,99,641,424,473,799,781,927,153,978,819,802,447,199,563,976,739,502,591,916,362,322,807,351,241,204,239,104,197,298,646,915,291,474,871,105,966,128,437,736,670,880,369,904,417,141,420,287,698,557,210,597,301,929,810,524,908,288,315,726,357,224,947,442,506,995,764,211,339,389,267,644,737,633,719,508,837,177,159,185,1,464,685,117,999,939,945,909,694,90,809,94,950,893,209,682,556,824,252,860,335,839,942,493,937,968,562,921,542,673,875,510,238,35,530,290,630,944,306,663,460,429,148,302,639,782,496,981,813,865,292,478,48,85,175,619,157,527,523,146,879,161,992,491,689,543,233,240,544,83,711,507,951,178,103,3,454,56,743,618,532,983,841,584,620,265,513,545,778,413,198,49,920,108,440,652,571,935,856,164,617,859,678,231,741,657,421,907,408,727,432,625,366,906,378,960,392,765,754,192,264,336,753,926,596,144,593,219,176,82,554,536,313,830,716,441,142,964,383,550,43,47,914,638,658,374,201,282,516,407,354,79,365,353,458,363,418,931,948,551,110,757,501,187,725,375,7,612,120,666,126,959,410,270,386,842,792,68,717,788,912,22,476,414,456,93,343,248,411,316,25,793,605,167,114,294,884,438,953,334,955,531,236,710,372,71,925,594,712,499,156,971,380,487,828,988,486,705,488,853,95,299,138,63,552,845,847,149,852,745,967,78,325,328,130,331,262,133,503,489,52,786,770,990,230,352,534,656,578,21,433,582,16,444,665,558,13,730,257,697,607,401,577,395,526,647,643,423,295,776,72,213,541,849,67,479,166,244,390,979,560,614,592,259,229,836,471,86,40,864,168,367,102,98,76,681,553,469,155,569,956,249,30,320,297,18,373,910,344,701,610,203,598,350,589,337,170,640,744,677,528,111,521,467,707,748,768,728,38,763,62,122,296,243,226,897,729,136,139,66,263,87,994,954,863,861,228,245,118,882,77,57,24,938,941,384,205,171,546,899,996,124,106,207,289,876,933,627,116,674,319,404,258,412,360,982,723,495,427,984,75,20,515,50,183,261,137,500,399,766,900,218,1000,645,29,913,152,484,918,820,816,492,581,234,775,654,278,609,850,606,567,822,158,858,212,835,405,795,434,848,58,949,892,304,787,539,923,624,702,268,576,590,611,391,785,237,113,803,669,308,101,932,400,579,746,190,436,280,599,115,628,184,329,55,358,33,905,338,235,64,15,870,791,422,406,514,846,588,457,626,216,355,869,687,36,811,274,623,416,349,409,891,817,475,174,517,889,958,877,426,12,370,613,509,44,756,8,428,504,965,709,636,668,53,924,714,749,713,107,752,616,772,637,767,519,885,559,549,109,317,801,206,533,324,347,724,200,873,704,112,750,693,225,946,202,718,169,182,898,480,173,145,733,629,11,341,917,305,415,260,309,92,129,755,649,973,655,450,266,326,2,651,195,583,28,54,631,735,346,957,840,672,217,9,676,829,250,277,679,272,930,520,134,181,740,779,382,686,80,318,566,580,985,483,512,39,403,285,969,97,446,615,700,940,162,831,327,333,706,59,119,470,522,394,463,843,387,662,91,10,734,310,688,477,251,452,896,962,88,572,271,783,135,660,398,708,797,769,659,796,345,844,223,186,379,194,466,254,695,214,377,430,293,773,771,472,45,901,632,461,961,443,943,903,172,32,789,987,125,300,37,602,621,232,664,608,720,936,952,794,340,490,975,808,561,497,991,385,529,989,284,963,371,738,180,368,150,151,804,303,425,883,46,715,722,348,393,84,815,575,485,356,812,511,565,323,253,974,890,364,311,680,221,827,874,547,691,74,747,805,376,774,163,498,143,17,247,696,4,919,41,449,269,866,140,683,832,330,732,759,887,89,862,275,878,42,462,361,762,595,505,703,451,537,215,894,165,548,255,481,555,661,635,65,70,196,838,535,60,671,851,132,431,494,604,760

Summary:
  Total:        60.0245 secs
  Slowest:      0.1177 secs
  Fastest:      0.0068 secs
  Average:      0.0336 secs
  Requests/sec: 297.7286

  Total data:   69607545 bytes
  Size/request: 3895 bytes

Response time histogram:
  0.007 [1]     |
  0.018 [513]   |■■■
  0.029 [6107]  |■■■■■■■■■■■■■■■■■■■■■■■■■■■■■■■■■
  0.040 [7341]  |■■■■■■■■■■■■■■■■■■■■■■■■■■■■■■■■■■■■■■■■
  0.051 [2654]  |■■■■■■■■■■■■■■
  0.062 [881]   |■■■■■
  0.073 [266]   |■
  0.084 [74]    |
  0.095 [24]    |
  0.107 [6]     |
  0.118 [4]     |


Latency distribution:
  10% in 0.0219 secs
  25% in 0.0263 secs
  50% in 0.0318 secs
  75% in 0.0387 secs
  90% in 0.0475 secs
  95% in 0.0544 secs
  99% in 0.0688 secs

Details (average, fastest, slowest):
  DNS+dialup:   0.0000 secs, 0.0068 secs, 0.1177 secs
  DNS-lookup:   0.0000 secs, 0.0000 secs, 0.0018 secs
  req write:    0.0000 secs, 0.0000 secs, 0.0012 secs
  resp wait:    0.0335 secs, 0.0067 secs, 0.1176 secs
  resp read:    0.0000 secs, 0.0000 secs, 0.0072 secs

Status code distribution:
  [200] 17871 responses

---------------------------------------------------------------

hey -z 300s -c 10 http://quicksort-single.knative-serverless.10.96.30.55.nip.io?x=1,7,4,1,10,9,-2,1,7,4,1,10,9,-2,1,7,4,1,10,9,-2,1,7,4,1,10,9,-2,1,7,4,1,10,9,-2,1,7,4,1,10,9,-2,1,7,4,1,10,9,-2,1,7,4,1,10,9,-2

Summary:
  Total:        300.0082 secs
  Slowest:      0.2340 secs
  Fastest:      0.0018 secs
  Average:      0.0089 secs
  Requests/sec: 1123.2994

  Total data:   43809870 bytes
  Size/request: 130 bytes

Response time histogram:
  0.002 [1]     |
  0.025 [334736]        |■■■■■■■■■■■■■■■■■■■■■■■■■■■■■■■■■■■■■■■■
  0.048 [2199]  |
  0.071 [38]    |
  0.095 [0]     |
  0.118 [0]     |
  0.141 [0]     |
  0.164 [0]     |
  0.188 [0]     |
  0.211 [0]     |
  0.234 [25]    |


Latency distribution:
  10% in 0.0055 secs
  25% in 0.0066 secs
  50% in 0.0081 secs
  75% in 0.0102 secs
  90% in 0.0131 secs
  95% in 0.0156 secs
  99% in 0.0229 secs

Details (average, fastest, slowest):
  DNS+dialup:   0.0000 secs, 0.0018 secs, 0.2340 secs
  DNS-lookup:   0.0000 secs, 0.0000 secs, 0.0015 secs
  req write:    0.0000 secs, 0.0000 secs, 0.0047 secs
  resp wait:    0.0088 secs, 0.0017 secs, 0.2339 secs
  resp read:    0.0000 secs, 0.0000 secs, 0.0064 secs

Status code distribution:
  [200] 336999 responses

---------------------------------------------------------------

hey -z 300s -c 50 http://quicksort-single.knative-serverless.10.96.30.55.nip.io?x=1,7,4,1,10,9,-2,1,7,4,1,10,9,-2,1,7,4,1,10,9,-2,1,7,4,1,10,9,-2,1,7,4,1,10,9,-2,1,7,4,1,10,9,-2,1,7,4,1,10,9,-2,1,7,4,1,10,9,-2

Summary:
  Total:        300.0502 secs
  Slowest:      0.2961 secs
  Fastest:      0.0098 secs
  Average:      0.0468 secs
  Requests/sec: 1068.8846

  Total data:   41693470 bytes
  Size/request: 130 bytes

Response time histogram:
  0.010 [1]     |
  0.038 [46765] |■■■■■■■
  0.067 [260112]        |■■■■■■■■■■■■■■■■■■■■■■■■■■■■■■■■■■■■■■■■
  0.096 [13416] |■■
  0.124 [387]   |
  0.153 [9]     |
  0.182 [7]     |
  0.210 [4]     |
  0.239 [0]     |
  0.267 [9]     |
  0.296 [9]     |


Latency distribution:
  10% in 0.0374 secs
  25% in 0.0403 secs
  50% in 0.0446 secs
  75% in 0.0506 secs
  90% in 0.0590 secs
  95% in 0.0656 secs
  99% in 0.0802 secs

Details (average, fastest, slowest):
  DNS+dialup:   0.0000 secs, 0.0098 secs, 0.2961 secs
  DNS-lookup:   0.0000 secs, 0.0000 secs, 0.0032 secs
  req write:    0.0000 secs, 0.0000 secs, 0.0064 secs
  resp wait:    0.0467 secs, 0.0073 secs, 0.2960 secs
  resp read:    0.0000 secs, 0.0000 secs, 0.0077 secs

Status code distribution:
  [200] 320719 responses

---------------------------------------------------------------

hey -z 300s -c 150 http://quicksort-single.knative-serverless.10.96.30.55.nip.io?x=1,7,4,1,10,9,-2,1,7,4,1,10,9,-2,1,7,4,1,10,9,-2,1,7,4,1,10,9,-2,1,7,4,1,10,9,-2,1,7,4,1,10,9,-2,1,7,4,1,10,9,-2,1,7,4,1,10,9,-2

Summary:
  Total:        300.1329 secs
  Slowest:      2.5184 secs
  Fastest:      0.0125 secs
  Average:      0.1366 secs
  Requests/sec: 1098.0103

  Total data:   42841370 bytes
  Size/request: 130 bytes

Response time histogram:
  0.013 [1]     |
  0.263 [329378]        |■■■■■■■■■■■■■■■■■■■■■■■■■■■■■■■■■■■■■■■■
  0.514 [78]    |
  0.764 [12]    |
  1.015 [13]    |
  1.265 [24]    |
  1.516 [6]     |
  1.767 [5]     |
  2.017 [9]     |
  2.268 [11]    |
  2.518 [12]    |


Latency distribution:
  10% in 0.1173 secs
  25% in 0.1228 secs
  50% in 0.1314 secs
  75% in 0.1447 secs
  90% in 0.1621 secs
  95% in 0.1754 secs
  99% in 0.2092 secs

Details (average, fastest, slowest):
  DNS+dialup:   0.0000 secs, 0.0125 secs, 2.5184 secs
  DNS-lookup:   0.0000 secs, 0.0000 secs, 0.0045 secs
  req write:    0.0000 secs, 0.0000 secs, 0.0070 secs
  resp wait:    0.1365 secs, 0.0088 secs, 2.5183 secs
  resp read:    0.0000 secs, 0.0000 secs, 0.0107 secs

Status code distribution:
  [200] 329549 responses

---------------------------------------------------------------
Multiple
---------------------------------------------------------------

hey -z 60s -c 10 http://quicksort.knative-serverless.10.96.30.55.nip.io?x=1,7,4,1,10,9,-2,1,7,4,1,10,9,-2,1,7,4,1,10,9,-2,1,7,4,1,10,9,-2,1,7,4,1,10,9,-2,1,7,4,1,10,9,-2,1,7,4,1,10,9,-2,1,7,4,1,10,9,-2

Summary:
  Total:        60.0093 secs
  Slowest:      0.2253 secs
  Fastest:      0.0020 secs
  Average:      0.0086 secs
  Requests/sec: 1156.3375

  Total data:   9020830 bytes
  Size/request: 130 bytes

Response time histogram:
  0.002 [1]     |
  0.024 [68978] |■■■■■■■■■■■■■■■■■■■■■■■■■■■■■■■■■■■■■■■■
  0.047 [394]   |
  0.069 [11]    |
  0.091 [0]     |
  0.114 [0]     |
  0.136 [0]     |
  0.158 [0]     |
  0.181 [0]     |
  0.203 [0]     |
  0.225 [7]     |


Latency distribution:
  10% in 0.0054 secs
  25% in 0.0064 secs
  50% in 0.0079 secs
  75% in 0.0098 secs
  90% in 0.0126 secs
  95% in 0.0150 secs
  99% in 0.0219 secs

Details (average, fastest, slowest):
  DNS+dialup:   0.0000 secs, 0.0020 secs, 0.2253 secs
  DNS-lookup:   0.0000 secs, 0.0000 secs, 0.0358 secs
  req write:    0.0000 secs, 0.0000 secs, 0.0047 secs
  resp wait:    0.0086 secs, 0.0019 secs, 0.2252 secs
  resp read:    0.0000 secs, 0.0000 secs, 0.0069 secs

Status code distribution:
  [200] 69391 responses

---------------------------------------------------------------

 hey -z 300s -c 10 http://quicksort.knative-serverless.10.96.30.55.nip.io?x=1,7,4,1,10,9,-2,1,7,4,1,10,9,-2,1,7,4,1,10,9,-2,1,7,4,1,10,9,-2,1,7,4,1,10,9,-2,1,7,4,1,10,9,-2,1,7,4,1,10,9,-2,1,7,4,1,10,9,-2

Summary:
  Total:        300.0061 secs
  Slowest:      0.2297 secs
  Fastest:      0.0018 secs
  Average:      0.0086 secs
  Requests/sec: 1163.8531

  Total data:   45391190 bytes
  Size/request: 130 bytes

Response time histogram:
  0.002 [1]     |
  0.025 [347181]        |■■■■■■■■■■■■■■■■■■■■■■■■■■■■■■■■■■■■■■■■
  0.047 [1927]  |
  0.070 [34]    |
  0.093 [4]     |
  0.116 [0]     |
  0.139 [0]     |
  0.161 [0]     |
  0.184 [0]     |
  0.207 [0]     |
  0.230 [16]    |


Latency distribution:
  10% in 0.0054 secs
  25% in 0.0064 secs
  50% in 0.0078 secs
  75% in 0.0098 secs
  90% in 0.0126 secs
  95% in 0.0149 secs
  99% in 0.0216 secs

Details (average, fastest, slowest):
  DNS+dialup:   0.0000 secs, 0.0018 secs, 0.2297 secs
  DNS-lookup:   0.0000 secs, 0.0000 secs, 0.0016 secs
  req write:    0.0000 secs, 0.0000 secs, 0.0034 secs
  resp wait:    0.0085 secs, 0.0018 secs, 0.2297 secs
  resp read:    0.0000 secs, 0.0000 secs, 0.0080 secs

Status code distribution:
  [200] 349163 responses

---------------------------------------------------------------

hey -z 300s -c 50 http://quicksort.knative-serverless.10.96.30.55.nip.io?x=1,7,4,1,10,9,-2,1,7,4,1,10,9,-2,1,7,4,1,10,9,-2,1,7,4,1,10,9,-2,1,7,4,1,10,9,-2,1,7,4,1,10,9,-2,1,7,4,1,10,9,-2,1,7,4,1,10,9,-2

Summary:
  Total:        300.0381 secs
  Slowest:      0.3029 secs
  Fastest:      0.0130 secs
  Average:      0.0432 secs
  Requests/sec: 1157.7696

  Total data:   45158750 bytes
  Size/request: 130 bytes

Response time histogram:
  0.013 [1]     |
  0.042 [193337]        |■■■■■■■■■■■■■■■■■■■■■■■■■■■■■■■■■■■■■■■■
  0.071 [149528]        |■■■■■■■■■■■■■■■■■■■■■■■■■■■■■■■
  0.100 [4401]  |■
  0.129 [91]    |
  0.158 [4]     |
  0.187 [1]     |
  0.216 [0]     |
  0.245 [0]     |
  0.274 [6]     |
  0.303 [6]     |


Latency distribution:
  10% in 0.0354 secs
  25% in 0.0378 secs
  50% in 0.0412 secs
  75% in 0.0462 secs
  90% in 0.0535 secs
  95% in 0.0594 secs
  99% in 0.0731 secs

Details (average, fastest, slowest):
  DNS+dialup:   0.0000 secs, 0.0130 secs, 0.3029 secs
  DNS-lookup:   0.0000 secs, 0.0000 secs, 0.0020 secs
  req write:    0.0000 secs, 0.0000 secs, 0.0083 secs
  resp wait:    0.0431 secs, 0.0100 secs, 0.3029 secs
  resp read:    0.0000 secs, 0.0000 secs, 0.0084 secs

Status code distribution:
  [200] 347375 responses

---------------------------------------------------------------

hey -z 300s -c 150 http://quicksort.knative-serverless.10.96.30.55.nip.io?x=1,7,4,1,10,9,-2,1,7,4,1,10,9,-2,1,7,4,1,10,9,-2,1,7,4,1,10,9,-2,1,7,4,1,10,9,-2,1,7,4,1,10,9,-2,1,7,4,1,10,9,-2,1,7,4,1,10,9,-2

Summary:
  Total:        300.0530 secs
  Slowest:      2.2934 secs
  Fastest:      0.0018 secs
  Average:      0.0532 secs
  Requests/sec: 2821.2581

  Total data:   110048510 bytes
  Size/request: 130 bytes

Response time histogram:
  0.002 [1]     |
  0.231 [846117]        |■■■■■■■■■■■■■■■■■■■■■■■■■■■■■■■■■■■■■■■■
  0.460 [313]   |
  0.689 [17]    |
  0.918 [7]     |
  1.148 [23]    |
  1.377 [11]    |
  1.606 [3]     |
  1.835 [6]     |
  2.064 [17]    |
  2.293 [12]    |


Latency distribution:
  10% in 0.0393 secs
  25% in 0.0441 secs
  50% in 0.0504 secs
  75% in 0.0583 secs
  90% in 0.0684 secs
  95% in 0.0768 secs
  99% in 0.1053 secs

Details (average, fastest, slowest):
  DNS+dialup:   0.0000 secs, 0.0018 secs, 2.2934 secs
  DNS-lookup:   0.0000 secs, 0.0000 secs, 0.0327 secs
  req write:    0.0000 secs, 0.0000 secs, 0.0135 secs
  resp wait:    0.0531 secs, 0.0017 secs, 2.2934 secs
  resp read:    0.0000 secs, 0.0000 secs, 0.0141 secs

Status code distribution:
  [200] 846527 responses

---------------------------------------------------------------

hey -z 300s -c 250 http://quicksort.knative-serverless.10.96.30.55.nip.io?x=1,7,4,1,10,9,-2,1,7,4,1,10,9,-2,1,7,4,1,10,9,-2,1,7,4,1,10,9,-2,1,7,4,1,10,9,-2,1,7,4,1,10,9,-2,1,7,4,1,10,9,-2,1,7,4,1,10,9,-2

Summary:
  Total:        300.1005 secs
  Slowest:      6.0130 secs
  Fastest:      0.0050 secs
  Average:      0.1007 secs
  Requests/sec: 2481.3790

  Total data:   96806190 bytes
  Size/request: 130 bytes

Response time histogram:
  0.005 [1]     |
  0.606 [744446]        |■■■■■■■■■■■■■■■■■■■■■■■■■■■■■■■■■■■■■■■■
  1.207 [85]    |
  1.807 [36]    |
  2.408 [11]    |
  3.009 [7]     |
  3.610 [9]     |
  4.211 [6]     |
  4.811 [14]    |
  5.412 [9]     |
  6.013 [39]    |


Latency distribution:
  10% in 0.0732 secs
  25% in 0.0829 secs
  50% in 0.0958 secs
  75% in 0.1120 secs
  90% in 0.1310 secs
  95% in 0.1456 secs
  99% in 0.1869 secs

Details (average, fastest, slowest):
  DNS+dialup:   0.0000 secs, 0.0050 secs, 6.0130 secs
  DNS-lookup:   0.0000 secs, 0.0000 secs, 0.0172 secs
  req write:    0.0000 secs, 0.0000 secs, 0.0135 secs
  resp wait:    0.1007 secs, 0.0050 secs, 6.0130 secs
  resp read:    0.0000 secs, 0.0000 secs, 0.0148 secs

Status code distribution:
  [200] 744663 responses

---------------------------------------------------------------

hey -z 300s -c 1000 http://quicksort.knative-serverless.10.96.30.55.nip.io?x=1,7,4,1,10,9,-2,1,7,4,1,10,9,-2,1,7,4,1,10,9,-2,1,7,4,1,10,9,-2,1,7,4,1,10,9,-2,1,7,4,1,10,9,-2,1,7,4,1,10,9,-2,1,7,4,1,10,9,-2

Summary:
  Total:        300.3668 secs
  Slowest:      13.4133 secs
  Fastest:      0.0011 secs
  Average:      0.3204 secs
  Requests/sec: 3118.3838

  Total data:   121765670 bytes
  Size/request: 130 bytes

Response time histogram:
  0.001 [1]     |
  1.342 [924684]        |■■■■■■■■■■■■■■■■■■■■■■■■■■■■■■■■■■■■■■■■
  2.684 [10134] |
  4.025 [503]   |
  5.366 [212]   |
  6.707 [236]   |
  8.048 [243]   |
  9.390 [321]   |
  10.731 [172]  |
  12.072 [130]  |
  13.413 [23]   |


Latency distribution:
  10% in 0.0036 secs
  25% in 0.0870 secs
  50% in 0.2559 secs
  75% in 0.4277 secs
  90% in 0.6723 secs
  95% in 0.9028 secs
  99% in 1.4380 secs

Details (average, fastest, slowest):
  DNS+dialup:   0.0001 secs, 0.0011 secs, 13.4133 secs
  DNS-lookup:   0.0000 secs, 0.0000 secs, 0.0663 secs
  req write:    0.0000 secs, 0.0000 secs, 0.0231 secs
  resp wait:    0.3203 secs, 0.0011 secs, 13.4133 secs
  resp read:    0.0000 secs, 0.0000 secs, 0.0429 secs

Status code distribution:
  [200] 936659 responses
